MEMORY
  total            14.6 MB
  struct          159.0 KB
  buffer          422.7 KB
  arena            14.0 MB, used 0.2%

SIZES
  narena                14680064
  nbuffer               432864
  nplugin               0
  maxuse_stack          9408
  maxuse_arena          36284
  maxuse_con            8
  maxuse_efc            41
  ncon                  4
  ne                    0
  nf                    12
  nl                    4
  nefc                  28
  nJ                    504
  nA                    0
  nisland               0
  threadpool            0

TIMER
    0:  duration =  0.062      number = 1
    1:  duration =  0.06       number = 1
    2:  duration =  0          number = 0
    3:  duration =  0.039      number = 1
    4:  duration =  0.0029     number = 1
    5:  duration =  0.0009     number = 1
    6:  duration =  0.013      number = 1
    7:  duration =  0.0013     number = 1
    8:  duration =  0.0062     number = 1
    9:  duration =  0.0022     number = 2
    10:  duration =  0.023      number = 1
    11:  duration =  0.0064     number = 1
    12:  duration =  0.00024    number = 1
    13:  duration =  0.006      number = 1
    14:  duration =  0.0086     number = 1

SOLVER STAT
  solver_fwdinv =   0         0       
  ISLAND 0
    solver_niter = 3
    solver_nnz = 324
      0:  improvement =  0.03        gradient =  0.97        lineslope =  1.1e-18 
          nactive = 28   nchange = 1   neval = 3   nupdate = 0
      1:  improvement =  0.027       gradient =  0.47        lineslope =  0       
          nactive = 28   nchange = 1   neval = 7   nupdate = 1
      2:  improvement =  0.0039      gradient =  7.1e-15     lineslope =  0       
          nactive = 28   nchange = 0   neval = 2   nupdate = 0

ENERGY =   0         0       

TIME =  12      

QPOS
   0.094   
  -0.26    
   0.058   
   6.3e-05 
   0.99    
   0.16    
   1e-05   
   0.11    
   1.1     
  -0.8     
  -0.099   
   0.31    
  -0.8     
  -1       
  -0.53    
  -1.3     
   0.56    
   0.97    
  -2.2     

QVEL
  -0.00017 
   0.00062 
  -0.00023 
  -0.0096  
   0.00021 
  -0.00013 
  -0.008   
   0.028   
   0.015   
  -3.7     
   5.2     
   0.021   
   0.072   
  -0.01    
  -4.2     
  -0.01    
  -2.3     
  -0.57    

QACC_WARMSTART
  -0.0088  
   0.0068  
  -0.0079  
  -0.3     
   0.031   
   0.017   
   0.23    
  -82      
  -0.098   
   50      
  -12      
  -0.34    
  -2       
  -0.41    
   77      
   1.6     
   1.7     
   44      

CTRL
   2.9     
   0.051   
   23      
  -2       
  -4.7     
   23      
   0.67    
  -0.66    
   0.68    
  -0.84    
  -7.2     
   0.77    

QFRC_APPLIED
   0       
   0       
   0       
   0       
   0       
   0       
   0       
   0       
   0       
   0       
   0       
   0       
   0       
   0       
   0       
   0       
   0       
   0       

XFRC_APPLIED
   0         0         0         0         0         0       
   0         0         0         0         0         0       
   0         0         0         0         0         0       
   0         0         0         0         0         0       
   0         0         0         0         0         0       
   0         0         0         0         0         0       
   0         0         0         0         0         0       
   0         0         0         0         0         0       
   0         0         0         0         0         0       
   0         0         0         0         0         0       
   0         0         0         0         0         0       
   0         0         0         0         0         0       
   0         0         0         0         0         0       
   0         0         0         0         0         0       
   0         0         0         0         0         0       
   0         0         0         0         0         0       
   0         0         0         0         0         0       
   0         0         0         0         0         0       

QACC
  -0.0088  
   0.0068  
  -0.0079  
  -0.3     
   0.031   
   0.017   
   0.23    
  -82      
  -0.098   
   50      
  -12      
  -0.34    
  -2       
  -0.41    
   77      
   1.6     
   1.7     
   44      

SENSOR
  -0.08    
   0.29    
  -0.8     
   0.11    
   1.1     
  -0.8     
   0.56    
   0.98    
  -2.2     
  -1.1     
  -0.53    
  -1.2     
  -3.9     
   5.3     
   0.022   
  -0.0069  
   0.43    
   0.019   
  -0.018   
  -2.3     
  -0.78    
   0.083   
  -0.011   
  -4.5     
   2.9     
   0.051   
   23      
  -2       
  -4.7     
   23      
   0.67    
  -0.66    
   0.68    
  -0.84    
  -7.2     
   0.77    
   4e-05   
   0.99    
   0.16    
   6e-06   
  -0.0092  
   0.00027 
  -0.00016 
  -0.005   
   0.004   
  -9.8     
   0.07    
  -0.26    
   0.016   
  -3e-05   
   0.00022 
  -0.00026 

XPOS
   0         0         0       
   0.094    -0.26      0.058   
   0.29     -0.24      0.058   
   0.32     -0.33      0.047   
   0.14     -0.4       0.14    
   0.085    -0.44      0.34    
   0.26     -0.15      0.058   
   0.23     -0.061     0.05    
   0.17     -0.064     0.25    
   0.27     -0.018     0.44    
  -0.076    -0.36      0.058   
  -0.061    -0.41      0.14    
  -0.0082   -0.22      0.23    
   0.2      -0.19      0.21    
  -0.1      -0.27      0.058   
  -0.13     -0.19      0.11    
  -0.28     -0.31      0.21    
  -0.074    -0.28      0.26    

XQUAT
   1         0         0         0       
   4e-05     0.99      0.16      6e-06   
  -0.055     0.99      0.16     -0.0088  
  -0.13      0.84      0.1       0.52    
  -0.08      0.97      0.15      0.15    
  -0.08      0.97      0.15      0.15    
   0.04      0.99      0.16      0.0063  
   0.017     0.98      0.16      0.15    
   0.078     0.96      0.14     -0.25    
   0.078     0.96      0.14     -0.25    
   0.5       0.85      0.14      0.078   
   0.51      0.85      0.0016   -0.15    
   0.42      0.6      -0.3      -0.61    
   0.42      0.6      -0.3      -0.61    
  -0.27      0.95      0.15     -0.043   
  -0.31      0.86      0.0057    0.41    
  -0.13      0.74      0.28     -0.6     
  -0.13      0.74      0.28     -0.6     

XMAT
   1         0         0         0         1         0         0         0         1       
   0.95      0.31      2.4e-05   0.31     -0.95     -7.7e-05  -5.8e-07   8e-05    -1       
   0.95      0.31     -0.035     0.31     -0.95      0.11     -5.8e-07  -0.11     -0.99    
   0.44      0.31      0.84      0.038    -0.95      0.32      0.9      -0.11     -0.43    
   0.91      0.31      0.27      0.26     -0.95      0.2       0.32     -0.11     -0.94    
   0.91      0.31      0.27      0.26     -0.95      0.2       0.32     -0.11     -0.94    
   0.95      0.31      0.025     0.31     -0.95     -0.076    -5.8e-07   0.08     -1       
   0.91      0.31      0.29      0.32     -0.95      0.014     0.28      0.08     -0.96    
   0.84      0.31     -0.45      0.23     -0.95     -0.22     -0.49      0.08     -0.87    
   0.84      0.31     -0.45      0.23     -0.95     -0.22     -0.49      0.08     -0.87    
   0.95      0.15      0.27      0.31     -0.47     -0.83     -5.8e-07   0.87     -0.5     
   0.96      0.15     -0.25     -0.15     -0.47     -0.87     -0.25      0.87     -0.43    
   0.077     0.15     -0.99     -0.87     -0.47     -0.14     -0.49      0.87      0.097   
   0.077     0.15     -0.99     -0.87     -0.47     -0.14     -0.49      0.87      0.097   
   0.95      0.26     -0.16      0.31     -0.81      0.5      -5.8e-07  -0.53     -0.85    
   0.67      0.26      0.7      -0.24     -0.81      0.54      0.7      -0.53     -0.47    
   0.13      0.26     -0.96      0.57     -0.81     -0.14     -0.81     -0.53     -0.26    
   0.13      0.26     -0.96      0.57     -0.81     -0.14     -0.81     -0.53     -0.26    

XIPOS
   0         0         0       
   0.11     -0.25      0.063   
   0.29     -0.24      0.058   
   0.29     -0.32      0.06    
   0.11     -0.43      0.27    
   0.027    -0.48      0.54    
   0.26     -0.15      0.058   
   0.23     -0.084     0.082   
   0.24     -0.033     0.37    
   0.36      0.029     0.62    
  -0.07     -0.36      0.06    
  -0.06     -0.37      0.14    
   0.13     -0.21      0.21    
   0.41     -0.16      0.19    
  -0.1      -0.27      0.059   
  -0.15     -0.23      0.11    
  -0.14     -0.29      0.24    
   0.13     -0.25      0.32    

XIMAT
   1         0         0         0         1         0         0         0         1       
   0.016    -0.31      0.95      0.0086    0.95      0.31     -1         0.0031    0.018   
   0.3      -0.024     0.95     -0.95      0.1       0.3      -0.11     -0.99      0.0086  
   0.56     -0.19      0.81     -0.81     -0.35      0.48      0.19     -0.92     -0.35    
   0.32     -0.91      0.26     -0.94     -0.27      0.21     -0.12     -0.31     -0.94    
   0.91      0.31      0.27      0.26     -0.95      0.2       0.32     -0.11     -0.94    
   0.32      0.032     0.95     -0.95     -0.069     0.32      0.075    -1         0.0088  
  -0.11     -0.91      0.39     -0.99      0.067    -0.12      0.084    -0.4      -0.91    
   0.3      -0.84     -0.45     -0.95     -0.22     -0.23      0.093     0.49     -0.86    
   0.84      0.31     -0.45      0.23     -0.95     -0.22     -0.49      0.08     -0.87    
   0.16      0.26      0.95     -0.47     -0.83      0.3       0.87     -0.49     -0.011   
   0.48     -0.85     -0.21     -0.6      -0.14     -0.79      0.64      0.51     -0.58    
   0.15     -0.072    -0.99     -0.48      0.87     -0.13      0.86      0.5       0.092   
   0.077     0.15     -0.99     -0.87     -0.47     -0.14     -0.49      0.87      0.097   
   0.25     -0.17      0.95     -0.81      0.5       0.31     -0.53     -0.85     -0.012   
  -0.11     -0.63      0.77     -0.71      0.59      0.38     -0.7      -0.5      -0.51    
   0.27     -0.13     -0.95     -0.81     -0.56     -0.15     -0.52      0.82     -0.26    
   0.13      0.26     -0.96      0.57     -0.81     -0.14     -0.81     -0.53     -0.26    

XANCHOR
   0.094    -0.26      0.058   
   0.29     -0.24      0.058   
   0.32     -0.33      0.047   
   0.14     -0.4       0.14    
   0.26     -0.15      0.058   
   0.23     -0.061     0.05    
   0.17     -0.064     0.25    
  -0.076    -0.36      0.058   
  -0.061    -0.41      0.14    
  -0.0082   -0.22      0.23    
  -0.1      -0.27      0.058   
  -0.13     -0.19      0.11    
  -0.28     -0.31      0.21    

XAXIS
   0         0         1       
   0.95      0.31     -5.8e-07 
   0.31     -0.95     -0.11    
   0.31     -0.95     -0.11    
   0.95      0.31     -5.8e-07 
   0.31     -0.95      0.08    
   0.31     -0.95      0.08    
   0.95      0.31     -5.8e-07 
   0.15     -0.47      0.87    
   0.15     -0.47      0.87    
   0.95      0.31     -5.8e-07 
   0.26     -0.81     -0.53    
   0.26     -0.81     -0.53    

GEOM_XPOS
   0         0         0       
   1.2       0         0.04    
   1.6       0         0.04    
   2.3       0         0.02    
   2.6       0         0.02    
   2.8       0         0.02    
   3         0         0.02    
   3.2       0         0.02    
   3.4       0         0.02    
   0.37     -0.17      0.12    
   0.37     -0.17      0.12    
   0.4      -0.15      0.025   
   0.15     -0.25      0.026   
   0.17     -0.23      0.059   
   0.094    -0.26      0.058   
   0.37     -0.17      0.048   
   0.37     -0.17      0.12    
   0.27     -0.24      0.058   
   0.28     -0.25      0.057   
   0.32     -0.32      0.049   
   0.28     -0.33      0.063   
   0.32     -0.31      0.041   
   0.23     -0.37      0.093   
   0.11     -0.42      0.26    
   0.078    -0.44      0.34    
   0.13     -0.41      0.2     
   0.12     -0.42      0.28    
   0.078    -0.44      0.34    
   0.083    -0.44      0.34    
   0.25     -0.16      0.058   
   0.24     -0.15      0.057   
   0.24     -0.076     0.051   
   0.22     -0.079     0.09    
   0.24     -0.084     0.041   
   0.2      -0.063     0.15    
   0.23     -0.035     0.36    
   0.26     -0.018     0.45    
   0.21     -0.049     0.3     
   0.25     -0.027     0.37    
   0.26     -0.018     0.45    
   0.27     -0.018     0.44    
  -0.059    -0.35      0.054   
  -0.058    -0.36      0.066   
  -0.063    -0.4       0.13    
  -0.057    -0.36      0.15    
  -0.072    -0.4       0.12    
  -0.035    -0.31      0.19    
   0.12     -0.21      0.22    
   0.21     -0.18      0.21    
   0.052    -0.22      0.22    
   0.14     -0.22      0.21    
   0.21     -0.18      0.21    
   0.2      -0.19      0.21    
  -0.086    -0.27      0.056   
  -0.091    -0.26      0.063   
  -0.13     -0.21      0.1     
  -0.16     -0.23      0.12    
  -0.12     -0.21      0.088   
  -0.2      -0.25      0.16    
  -0.16     -0.29      0.24    
  -0.07     -0.28      0.27    
  -0.22     -0.29      0.22    
  -0.13     -0.28      0.23    
  -0.07     -0.28      0.27    
  -0.075    -0.28      0.27    

GEOM_XMAT
   1         0         0         0         1         0         0         0         1       
   1         0         0         0         1         0         0         0         1       
   1         0         0         0         1         0         0         0         1       
   1         0         0         0         1         0         0         0         1       
   1         0         0         0         1         0         0         0         1       
   1         0         0         0         1         0         0         0         1       
   1         0         0         0         1         0         0         0         1       
   1         0         0         0         1         0         0         0         1       
   1         0         0         0         1         0         0         0         1       
  -0.25     -0.92     -0.31     -0.078    -0.3       0.95     -0.97      0.26      0.0017  
  -0.25     -0.92     -0.31     -0.08     -0.3       0.95     -0.97      0.26      0.00052 
   0.95      0.31     -0.045     0.31     -0.95     -0.015    -0.047     8e-05    -1       
  -0.011    -0.3       0.96     -0.012     0.96      0.3      -1        -0.0081   -0.014   
  -0.049    -0.31      0.95     -0.0025    0.95      0.31     -1         0.013    -0.048   
   0.95      0.31      2.4e-05   0.31     -0.95     -7.7e-05  -5.8e-07   8e-05    -1       
   0.95      0.31      2.4e-05   0.31     -0.95     -7.7e-05  -5.8e-07   8e-05    -1       
   0.95      0.31      2.4e-05   0.31     -0.95     -7.7e-05  -5.8e-07   8e-05    -1       
   0.36     -0.031     0.93     -0.93      0.11      0.36     -0.11     -0.99      0.0091  
  -0.057    -0.033     1        -0.99      0.11     -0.053    -0.1      -0.99     -0.039   
   0.95     -0.035    -0.31      0.31      0.11      0.95     -5.8e-07  -0.99      0.11    
   0.46     -0.34      0.82     -0.89     -0.11      0.45     -0.061    -0.93     -0.35    
   0.23     -0.93     -0.3       0.8       0.00081   0.6      -0.56     -0.37      0.74    
  -0.84      0.31      0.44     -0.32     -0.95      0.038     0.43     -0.11      0.9     
   0.29     -0.93      0.23     -0.95     -0.25      0.19     -0.12     -0.28     -0.95    
   0.71     -0.31      0.63      0.31      0.95      0.11     -0.63      0.11      0.77    
   0.95      0.31      0.074     0.3      -0.95      0.14      0.11     -0.11     -0.99    
   0.9       0.31      0.32      0.25     -0.95      0.21      0.36     -0.11     -0.93    
   0.71     -0.31      0.63      0.31      0.95      0.11     -0.63      0.11      0.77    
   0.91      0.31      0.27      0.26     -0.95      0.2       0.32     -0.11     -0.94    
  -0.26     -0.022     0.97      0.96      0.078     0.26     -0.081     1         0.001   
  -0.63     -0.024     0.78      0.77      0.077     0.63     -0.075     1        -0.03    
   0.95      0.025    -0.31      0.31     -0.076     0.95     -5.8e-07  -1        -0.08    
   0.16     -0.91      0.39     -0.97     -0.21     -0.095     0.17     -0.36     -0.92    
   0.059    -0.78     -0.62     -0.7      -0.48      0.53     -0.71      0.4      -0.57    
  -0.29      0.31      0.91     -0.014    -0.95      0.32      0.96      0.08      0.28    
   0.32     -0.82     -0.48     -0.94     -0.24     -0.23      0.073     0.53     -0.85    
   0.069    -0.31      0.95     -0.062     0.95      0.31     -1        -0.08      0.046   
   0.73      0.31     -0.6       0.18     -0.95     -0.26     -0.65      0.08     -0.75    
   0.86      0.31     -0.4       0.24     -0.95     -0.21     -0.45      0.08     -0.89    
   0.069    -0.31      0.95     -0.062     0.95      0.31     -1        -0.08      0.047   
   0.84      0.31     -0.45      0.23     -0.95     -0.22     -0.49      0.08     -0.87    
   0.1      -0.27     -0.96     -0.49      0.82     -0.29      0.87      0.5      -0.047   
   0.49     -0.27     -0.83     -0.33      0.82     -0.46      0.81      0.5       0.31    
   0.95      0.27     -0.15      0.31     -0.83      0.47     -5.8e-07  -0.5      -0.87    
   0.23     -0.95     -0.21     -0.59      0.03     -0.8       0.77      0.31     -0.56    
  -0.62     -0.6       0.51     -0.25      0.76      0.59     -0.74      0.24     -0.62    
   0.25      0.15      0.96      0.87     -0.47     -0.15      0.43      0.87     -0.25    
   0.15     -0.04     -0.99     -0.46      0.88     -0.11      0.88      0.47      0.11    
  -0.79     -0.15      0.59     -0.58      0.47     -0.66     -0.18     -0.87     -0.46    
  -0.12      0.15     -0.98     -0.88     -0.47      0.033    -0.46      0.87      0.19    
   0.13      0.15     -0.98     -0.86     -0.47     -0.19     -0.49      0.87      0.073   
  -0.79     -0.15      0.59     -0.58      0.47     -0.66     -0.18     -0.87     -0.46    
   0.077     0.15     -0.99     -0.87     -0.47     -0.14     -0.49      0.87      0.097   
  -0.31     -0.17     -0.94      0.79      0.5      -0.35      0.53     -0.85     -0.025   
   0.099    -0.16     -0.98      0.87      0.5       0.003     0.49     -0.85      0.19    
   0.95     -0.16     -0.26      0.31      0.5       0.81     -5.8e-07  -0.85      0.53    
   0.092    -0.64      0.77     -0.84      0.37      0.41     -0.54     -0.68     -0.5     
   0.4      -0.87     -0.3      -0.043    -0.35      0.94     -0.92     -0.36     -0.18    
  -0.7       0.26      0.67     -0.54     -0.81     -0.24      0.47     -0.53      0.7     
   0.27     -0.088    -0.96     -0.8      -0.58     -0.17     -0.54      0.81     -0.22    
  -0.74     -0.26      0.62      0.18      0.81      0.56     -0.65      0.53     -0.55    
  -0.061     0.26     -0.96      0.53     -0.81     -0.25     -0.84     -0.53     -0.09    
   0.18      0.26     -0.95      0.58     -0.81     -0.11     -0.8      -0.53     -0.3     
  -0.74     -0.26      0.62      0.18      0.81      0.56     -0.65      0.53     -0.55    
   0.13      0.26     -0.96      0.57     -0.81     -0.14     -0.81     -0.53     -0.26    

SITE_XPOS
   0.07     -0.26      0.016   

SITE_XMAT
   0.95      0.31      2.4e-05   0.31     -0.95     -7.7e-05  -5.8e-07   8e-05    -1       

LIGHT_XPOS
   0         0         1.5     

LIGHT_XDIR
   0         0        -1       

SUBTREE_COM
   0.097    -0.25      0.086   
   0.097    -0.25      0.086   
   0.27     -0.31      0.084   
   0.26     -0.34      0.097   
   0.11     -0.43      0.27    
   0.027    -0.48      0.54    
   0.24     -0.1       0.11    
   0.23     -0.075     0.13    
   0.24     -0.033     0.37    
   0.36      0.029     0.62    
  -0.041    -0.34      0.12    
  -0.027    -0.34      0.15    
   0.13     -0.21      0.21    
   0.41     -0.16      0.19    
  -0.13     -0.25      0.11    
  -0.15     -0.24      0.13    
  -0.14     -0.29      0.24    
   0.13     -0.25      0.32    

CDOF
   0         0         0         1         0         0       
   0         0         0         0         1         0       
   0         0         0         0         0         1       
   0.95      0.31     -5.8e-07   0.0087   -0.027     0.0048  
   0.31     -0.95      8e-05    -0.027    -0.0087    0.0049  
   2.4e-05  -7.7e-05  -1         0.0061   -0.0032    3.9e-07 
   0.95      0.31     -5.8e-07   0.0087   -0.027     0.051   
   0.31     -0.95     -0.11     -0.028     0.013    -0.19    
   0.31     -0.95     -0.11      0.066     0.021     0.0035  
   0.95      0.31     -5.8e-07   0.0087   -0.027    -0.042   
   0.31     -0.95      0.08     -0.019    -0.022    -0.19    
   0.31     -0.95      0.08      0.17      0.046    -0.13    
   0.95      0.31     -5.8e-07   0.0087   -0.027     0.051   
   0.15     -0.47      0.87     -0.11      0.15      0.099   
   0.15     -0.47      0.87      0.095     0.11      0.045   
   0.95      0.31     -5.8e-07   0.0087   -0.027    -0.042   
   0.26     -0.81     -0.53     -0.011    -0.11      0.17    
   0.26     -0.81     -0.53      0.13     -0.17      0.32    

CINERT
   0         0         0         0         0         0         0         0         0         0       
   0.035     0.097     0.11     -0.022     0.0013   -0.00041   0.12      0.0033   -0.16      6.9     
   0.0011    0.026     0.025    -0.00089   0.0037    0.00014   0.13      0.0041   -0.019     0.68    
   0.0091    0.046     0.052     0.013     0.007    -0.0013    0.22     -0.081    -0.03      1.2     
   0.017     0.01      0.0077    0.00044  -0.00021   0.0082    0.003    -0.042     0.045     0.24    
   0         0         0         0         0         0        -0        -0         0         0       
   0.0076    0.019     0.025    -0.011     0.0031    0.0019    0.11      0.067    -0.019     0.68    
   0.037     0.026     0.053    -0.025     0.0024    0.00019   0.15      0.19     -0.0045    1.2     
   0.033     0.026     0.017    -0.0077   -0.01     -0.015     0.035     0.052     0.069     0.24    
   0         0         0         0         0         0         0         0         0         0       
   0.0091    0.02      0.028    -0.012    -0.003    -0.0021   -0.11     -0.074    -0.018     0.68    
   0.024     0.034     0.048    -0.022     0.0085    0.0044   -0.18     -0.13      0.058     1.2     
   0.0046    0.0057    0.0022   -0.00056  -0.00093  -0.0014    0.0083    0.011     0.031     0.24    
   0         0         0         0         0         0         0         0         0         0       
   0.0012    0.028     0.027    -0.0026   -0.0037   -0.00022  -0.13     -0.013    -0.018     0.68    
   0.004     0.076     0.075     0.0045    0.0085    0.00046  -0.28      0.024     0.027     1.2     
   0.0062    0.021     0.015    -0.0023    0.0085    0.0013   -0.058    -0.0085    0.037     0.24    
   0         0         0         0         0         0         0         0         0         0       

ACTUATOR_LENGTH
  -0.08    
   0.29    
  -0.8     
   0.11    
   1.1     
  -0.8     
   0.56    
   0.98    
  -2.2     
  -1.1     
  -0.53    
  -1.2     

actuator_moment
--------------------
          x         |
           x        |
            x       |
       x            |
        x           |
         x          |
                x   |
                 x  |
                  x |
             x      |
              x     |
               x    |
--------------------

ACTUATOR_MOMENT
     9:  1       
    10:  1       
    11:  1       
     6:  1       
     7:  1       
     8:  1       
    15:  1       
    16:  1       
    17:  1       
    12:  1       
    13:  1       
    14:  1       

CRB
   0         0         0         0         0         0         0         0         0         0       
   0.19      0.43      0.48     -0.087     0.025    -0.0041   -1.7e-16   4.2e-17  -1.8e-16   15      
   0.028     0.082     0.085     0.013     0.01      0.0071    0.35     -0.12     -0.0036    2.1     
   0.026     0.056     0.06      0.014     0.0068    0.007     0.22     -0.12      0.016     1.4     
   0.017     0.01      0.0077    0.00044  -0.00021   0.0082    0.003    -0.042     0.045     0.24    
   0         0         0         0         0         0        -0        -0         0         0       
   0.077     0.071     0.094    -0.043    -0.005    -0.013     0.29      0.31      0.046     2.1     
   0.069     0.052     0.07     -0.032    -0.0081   -0.015     0.19      0.24      0.065     1.4     
   0.033     0.026     0.017    -0.0077   -0.01     -0.015     0.035     0.052     0.069     0.24    
   0         0         0         0         0         0         0         0         0         0       
   0.038     0.06      0.078    -0.035     0.0046    0.00093  -0.29     -0.2       0.071     2.1     
   0.029     0.04      0.05     -0.022     0.0076    0.003    -0.17     -0.12      0.089     1.4     
   0.0046    0.0057    0.0022   -0.00056  -0.00093  -0.0014    0.0083    0.011     0.031     0.24    
   0         0         0         0         0         0         0         0         0         0       
   0.011     0.12      0.12     -0.00035   0.013     0.0015   -0.47      0.003     0.046     2.1     
   0.01      0.096     0.09      0.0022    0.017     0.0017   -0.34      0.015     0.064     1.4     
   0.0062    0.021     0.015    -0.0023    0.0085    0.0013   -0.058    -0.0085    0.037     0.24    
   0         0         0         0         0         0         0         0         0         0       

QM
   15      
   0         15      
   0         0         15      
   0.13     -0.41      0.073     0.17    
  -0.41     -0.13      0.074    -0.0011    0.47    
   0.092    -0.048     5.9e-06  -0.02     -0.014     0.48    
   0.017    -0.052    -0.12      0.03     -0.012    -0.0035    0.035   
  -0.067    -0.011    -0.091     0.013     0.015     0.011     0.0087    0.044   
  -0.032    -0.0092   -0.0094    0.0013    0.0089    0.0057    0.0009    0.011     0.016   
   0.032    -0.099     0.12      0.047     0.022     0.02                                    0.052   
  -0.11     -0.036    -0.011    -0.0016    0.031    -0.019                                  -0.001     0.044   
  -0.028    -0.0076    0.018     0.0026    0.014    -0.0053                                  0.0017    0.011     0.016   
   0.04     -0.12      0.0077    0.02      0.0046   -0.013                                                                 0.03    
  -0.087     0.039     0.037    -0.0088    0.013    -0.0056                                                               -0.0071    0.038   
  -0.0011    0.03      0.016    -0.0039    0.00031  -0.0025                                                               -0.0032    0.0084    0.016   
   0.032    -0.099     0.063     0.02     -0.014    -0.025                                                                                               0.027   
  -0.059     0.0047   -0.037    -0.0058    0.022     0.0052                                                                                             -0.0041    0.025   
  -0.003    -0.019     0.028     0.0044   -0.0037   -0.0037                                                                                              0.0031    0.0016    0.016   

QLD
     0:  14      
     0:  0.021      1:  14      
     0: -0.014      1:  0.024      2:  14      
     0:  0.45       1: -1.7        2:  0.27       3:  0.074   
     0: -0.53       1: -0.3        2:  0.14       3: -0.0044     4:  0.39    
     0:  0.22       1: -0.4        2:  0.075      3: -0.023      4: -0.058      5:  0.43    
     0:  0.88       1: -1.6        2: -2.9        3:  0.83       4: -0.44       5: -0.17       6:  0.033   
     0: -1.3        1: -0.13       2: -2.3        3:  0.33       4:  0.26       5:  0.2        6:  0.22       7:  0.036   
     0: -1.9        1: -0.56       2: -0.57       3:  0.082      4:  0.55       5:  0.35       6:  0.055      7:  0.68       8:  0.016   
     0:  0.58       1: -1.9        2:  2.2        3:  0.91       4:  0.42       5:  0.38       9:  0.051   
     0: -2.4        1: -0.84       2: -0.65       3: -0.091      4:  0.58       5: -0.41       9: -0.061     10:  0.036   
     0: -1.7        1: -0.46       2:  1.1        3:  0.16       4:  0.88       5: -0.32       9:  0.11      10:  0.68      11:  0.016   
     0:  0.9        1: -3.9        2:  0.53       3:  0.63       4:  0.23       5: -0.51      12:  0.029   
     0: -2.5        1:  0.7        2:  0.83       3: -0.2        4:  0.37       5: -0.13      12: -0.16      13:  0.034   
     0: -0.07       1:  1.8        2:  1          3: -0.24       4:  0.019      5: -0.15      12: -0.19      13:  0.51      14:  0.016   
     0:  0.86       1: -3.6        2:  2          3:  0.71       4: -0.34       5: -0.91      15:  0.026   
     0: -2.4        1:  0.26       2: -1.6        3: -0.25       4:  0.92       5:  0.23      15: -0.18      16:  0.025   
     0: -0.19       1: -1.2        2:  1.7        3:  0.27       4: -0.22       5: -0.23      15:  0.19      16:  0.095     17:  0.016   

QLDIAGINV
   0.07    
   0.073   
   0.071   
   14      
   2.5     
   2.3     
   31      
   28      
   61      
   19      
   28      
   61      
   35      
   29      
   61      
   38      
   41      
   61      

QH
     0:  14      
     0:  0.021      1:  14      
     0: -0.013      1:  0.024      2:  14      
     0:  0.46       1: -1.7        2:  0.28       3:  0.075   
     0: -0.54       1: -0.3        2:  0.14       3: -0.0047     4:  0.4     
     0:  0.22       1: -0.39       2:  0.073      3: -0.024      4: -0.058      5:  0.43    
     0:  0.87       1: -1.5        2: -2.9        3:  0.82       4: -0.44       5: -0.16       6:  0.033   
     0: -1.3        1: -0.14       2: -2.3        3:  0.32       4:  0.26       5:  0.2        6:  0.22       7:  0.037   
     0: -1.9        1: -0.54       2: -0.56       3:  0.079      4:  0.53       5:  0.34       6:  0.053      7:  0.66       8:  0.017   
     0:  0.58       1: -1.9        2:  2.2        3:  0.9        4:  0.41       5:  0.38       9:  0.052   
     0: -2.4        1: -0.83       2: -0.62       3: -0.088      4:  0.57       5: -0.41       9: -0.059     10:  0.037   
     0: -1.7        1: -0.45       2:  1.1        3:  0.15       4:  0.86       5: -0.31       9:  0.1       10:  0.66      11:  0.017   
     0:  0.89       1: -3.9        2:  0.52       3:  0.62       4:  0.23       5: -0.5       12:  0.029   
     0: -2.5        1:  0.7        2:  0.83       3: -0.2        4:  0.36       5: -0.12      12: -0.16      13:  0.035   
     0: -0.068      1:  1.8        2:  0.98       3: -0.23       4:  0.018      5: -0.15      12: -0.19      13:  0.5       14:  0.017   
     0:  0.85       1: -3.6        2:  1.9        3:  0.69       4: -0.34       5: -0.9       15:  0.027   
     0: -2.4        1:  0.26       2: -1.6        3: -0.25       4:  0.91       5:  0.22      15: -0.17      16:  0.025   
     0: -0.18       1: -1.1        2:  1.7        3:  0.26       4: -0.22       5: -0.22      15:  0.19      16:  0.092     17:  0.017   

QHDIAGINV
   0.07    
   0.073   
   0.071   
   13      
   2.5     
   2.3     
   30      
   27      
   59      
   19      
   27      
   59      
   34      
   29      
   59      
   38      
   40      
   59      

B: body-dof matrix
--------------------
 xxxxxxxxxxxxxxxxxx |
 xxxxxxxxxxxxxxxxxx |
 xxxxxxxxx          |
 xxxxxxxxx          |
 xxxxxxxxx          |
 xxxxxxxxx          |
 xxxxxx   xxx       |
 xxxxxx   xxx       |
 xxxxxx   xxx       |
 xxxxxx   xxx       |
 xxxxxx      xxx    |
 xxxxxx      xxx    |
 xxxxxx      xxx    |
 xxxxxx      xxx    |
 xxxxxx         xxx |
 xxxxxx         xxx |
 xxxxxx         xxx |
 xxxxxx         xxx |
--------------------

B_rownnz              18 18 9 9 9 9 9 9 9 9 9 9 9 9 9 9 9 9

B_rowadr              0 18 36 45 54 63 72 81 90 99 108 117 126 135 144 153 162 171

B_colind              0 1 2 3 4 5 6 7 8 9 10 11 12 13 14 15 16 17 0 1 2 3 4 5 6 7 8 9 10 11 12 13 14 15 16 17 0 1 2 3 4 5 6 7 8 0 1 2 3 4 5 6 7 8 0 1 2 3 4 5 6 7 8 0 1 2 3 4 5 6 7 8 0 1 2 3 4 5 9 10 11 0 1 2 3 4 5 9 10 11 0 1 2 3 4 5 9 10 11 0 1 2 3 4 5 9 10 11 0 1 2 3 4 5 12 13 14 0 1 2 3 4 5 12 13 14 0 1 2 3 4 5 12 13 14 0 1 2 3 4 5 12 13 14 0 1 2 3 4 5 15 16 17 0 1 2 3 4 5 15 16 17 0 1 2 3 4 5 15 16 17 0 1 2 3 4 5 15 16 17

M: inertia matrix
--------------------
 x                  |
 xx                 |
 xxx                |
 xxxx               |
 xxxxx              |
 xxxxxx             |
 xxxxxxx            |
 xxxxxxxx           |
 xxxxxxxxx          |
 xxxxxx   x         |
 xxxxxx   xx        |
 xxxxxx   xxx       |
 xxxxxx      x      |
 xxxxxx      xx     |
 xxxxxx      xxx    |
 xxxxxx         x   |
 xxxxxx         xx  |
 xxxxxx         xxx |
--------------------

M_rownnz              1 2 3 4 5 6 7 8 9 7 8 9 7 8 9 7 8 9

M_rowadr              0 1 3 6 10 15 21 28 36 45 52 60 69 76 84 93 100 108

M_colind              0 0 1 0 1 2 0 1 2 3 0 1 2 3 4 0 1 2 3 4 5 0 1 2 3 4 5 6 0 1 2 3 4 5 6 7 0 1 2 3 4 5 6 7 8 0 1 2 3 4 5 9 0 1 2 3 4 5 9 10 0 1 2 3 4 5 9 10 11 0 1 2 3 4 5 12 0 1 2 3 4 5 12 13 0 1 2 3 4 5 12 13 14 0 1 2 3 4 5 15 0 1 2 3 4 5 15 16 0 1 2 3 4 5 15 16 17

mapM2M                0 2 1 5 4 3 9 8 7 6 14 13 12 11 10 20 19 18 17 16 15 27 26 25 24 23 22 21 35 34 33 32 31 30 29 28 44 43 42 41 40 39 38 37 36 51 50 49 48 47 46 45 59 58 57 56 55 54 53 52 68 67 66 65 64 63 62 61 60 75 74 73 72 71 70 69 83 82 81 80 79 78 77 76 92 91 90 89 88 87 86 85 84 99 98 97 96 95 94 93 107 106 105 104 103 102 101 100 116 115 114 113 112 111 110 109 108

C: reduced dof-dof matrix
--------------------
 x                  |
 xx                 |
 xxx                |
 xxxx               |
 xxxxx              |
 xxxxxx             |
 xxxxxxx            |
 xxxxxxxx           |
 xxxxxxxxx          |
 xxxxxx   x         |
 xxxxxx   xx        |
 xxxxxx   xxx       |
 xxxxxx      x      |
 xxxxxx      xx     |
 xxxxxx      xxx    |
 xxxxxx         x   |
 xxxxxx         xx  |
 xxxxxx         xxx |
--------------------

C_rownnz              1 2 3 4 5 6 7 8 9 7 8 9 7 8 9 7 8 9

C_rowadr              0 1 3 6 10 15 21 28 36 45 52 60 69 76 84 93 100 108

C_colind              0 0 1 0 1 2 0 1 2 3 0 1 2 3 4 0 1 2 3 4 5 0 1 2 3 4 5 6 0 1 2 3 4 5 6 7 0 1 2 3 4 5 6 7 8 0 1 2 3 4 5 9 0 1 2 3 4 5 9 10 0 1 2 3 4 5 9 10 11 0 1 2 3 4 5 12 0 1 2 3 4 5 12 13 0 1 2 3 4 5 12 13 14 0 1 2 3 4 5 15 0 1 2 3 4 5 15 16 0 1 2 3 4 5 15 16 17

mapM2C                0 2 1 5 4 3 9 8 7 6 14 13 12 11 10 20 19 18 17 16 15 27 26 25 24 23 22 21 35 34 33 32 31 30 29 28 44 43 42 41 40 39 38 37 36 51 50 49 48 47 46 45 59 58 57 56 55 54 53 52 68 67 66 65 64 63 62 61 60 75 74 73 72 71 70 69 83 82 81 80 79 78 77 76 92 91 90 89 88 87 86 85 84 99 98 97 96 95 94 93 107 106 105 104 103 102 101 100 116 115 114 113 112 111 110 109 108

D: dof-dof matrix
--------------------
 Dxxxxxxxxxxxxxxxxx |
 xDxxxxxxxxxxxxxxxx |
 xxDxxxxxxxxxxxxxxx |
 xxxDxxxxxxxxxxxxxx |
 xxxxDxxxxxxxxxxxxx |
 xxxxxDxxxxxxxxxxxx |
 xxxxxxDxx          |
 xxxxxxxDx          |
 xxxxxxxxD          |
 xxxxxx   Dxx       |
 xxxxxx   xDx       |
 xxxxxx   xxD       |
 xxxxxx      Dxx    |
 xxxxxx      xDx    |
 xxxxxx      xxD    |
 xxxxxx         Dxx |
 xxxxxx         xDx |
 xxxxxx         xxD |
--------------------

D_rownnz              18 18 18 18 18 18 9 9 9 9 9 9 9 9 9 9 9 9

D_rowadr              0 18 36 54 72 90 108 117 126 135 144 153 162 171 180 189 198 207

D_colind              0 1 2 3 4 5 6 7 8 9 10 11 12 13 14 15 16 17 0 1 2 3 4 5 6 7 8 9 10 11 12 13 14 15 16 17 0 1 2 3 4 5 6 7 8 9 10 11 12 13 14 15 16 17 0 1 2 3 4 5 6 7 8 9 10 11 12 13 14 15 16 17 0 1 2 3 4 5 6 7 8 9 10 11 12 13 14 15 16 17 0 1 2 3 4 5 6 7 8 9 10 11 12 13 14 15 16 17 0 1 2 3 4 5 6 7 8 0 1 2 3 4 5 6 7 8 0 1 2 3 4 5 6 7 8 0 1 2 3 4 5 9 10 11 0 1 2 3 4 5 9 10 11 0 1 2 3 4 5 9 10 11 0 1 2 3 4 5 12 13 14 0 1 2 3 4 5 12 13 14 0 1 2 3 4 5 12 13 14 0 1 2 3 4 5 15 16 17 0 1 2 3 4 5 15 16 17 0 1 2 3 4 5 15 16 17

mapM2D                0 2 5 9 14 20 27 35 44 51 59 68 75 83 92 99 107 116 2 1 4 8 13 19 26 34 43 50 58 67 74 82 91 98 106 115 5 4 3 7 12 18 25 33 42 49 57 66 73 81 90 97 105 114 9 8 7 6 11 17 24 32 41 48 56 65 72 80 89 96 104 113 14 13 12 11 10 16 23 31 40 47 55 64 71 79 88 95 103 112 20 19 18 17 16 15 22 30 39 46 54 63 70 78 87 94 102 111 27 26 25 24 23 22 21 29 38 35 34 33 32 31 30 29 28 37 44 43 42 41 40 39 38 37 36 51 50 49 48 47 46 45 53 62 59 58 57 56 55 54 53 52 61 68 67 66 65 64 63 62 61 60 75 74 73 72 71 70 69 77 86 83 82 81 80 79 78 77 76 85 92 91 90 89 88 87 86 85 84 99 98 97 96 95 94 93 101 110 107 106 105 104 103 102 101 100 109 116 115 114 113 112 111 110 109 108

mapD2M                0 19 18 38 37 36 57 56 55 54 76 75 74 73 72 95 94 93 92 91 90 114 113 112 111 110 109 108 124 123 122 121 120 119 118 117 134 133 132 131 130 129 128 127 126 141 140 139 138 137 136 135 151 150 149 148 147 146 145 144 161 160 159 158 157 156 155 154 153 168 167 166 165 164 163 162 178 177 176 175 174 173 172 171 188 187 186 185 184 183 182 181 180 195 194 193 192 191 190 189 205 204 203 202 201 200 199 198 215 214 213 212 211 210 209 208 207

CONTACT
  0:
     dim           3
     geoms         floor : 14
     exclude       0
     efc_address   16
     solref         0.02      1       
     solimp         0.9       0.95      0.001     0.5       2       
     dist           0.00089 
     includemargin  0.001   
     pos           -0.099    -0.27      0.00044 
     frame          0         0         1         0         1         0        -1         0         0       
     friction       1         1         0.005     0.0001    0.0001  
     mu             0.1     
  1:
     dim           3
     geoms         floor : 14
     exclude       0
     efc_address   19
     solref         0.02      1       
     solimp         0.9       0.95      0.001     0.5       2       
     dist           0.00089 
     includemargin  0.001   
     pos            0.26     -0.15      0.00044 
     frame          0         0         1         0         1         0        -1         0         0       
     friction       1         1         0.005     0.0001    0.0001  
     mu             0.1     
  2:
     dim           3
     geoms         floor : 14
     exclude       0
     efc_address   22
     solref         0.02      1       
     solimp         0.9       0.95      0.001     0.5       2       
     dist           0.00089 
     includemargin  0.001   
     pos           -0.07     -0.36      0.00045 
     frame          0         0         1         0         1         0        -1         0         0       
     friction       1         1         0.005     0.0001    0.0001  
     mu             0.1     
  3:
     dim           3
     geoms         floor : 14
     exclude       0
     efc_address   25
     solref         0.02      1       
     solimp         0.9       0.95      0.001     0.5       2       
     dist           0.00089 
     includemargin  0.001   
     pos            0.29     -0.24      0.00045 
     frame          0         0         1         0         1         0        -1         0         0       
     friction       1         1         0.005     0.0001    0.0001  
     mu             0.1     

EFC_TYPE
  1
  1
  1
  1
  1
  1
  1
  1
  1
  1
  1
  1
  3
  3
  3
  3
  7
  7
  7
  7
  7
  7
  7
  7
  7
  7
  7
  7

EFC_ID
  6
  7
  8
  9
  10
  11
  12
  13
  14
  15
  16
  17
  3
  6
  7
  8
  0
  0
  0
  1
  1
  1
  2
  2
  2
  3
  3
  3

EFC_J
   0         0         0         0         0         0         1         0         0         0         0         0         0         0         0         0         0         0       
   0         0         0         0         0         0         0         1         0         0         0         0         0         0         0         0         0         0       
   0         0         0         0         0         0         0         0         1         0         0         0         0         0         0         0         0         0       
   0         0         0         0         0         0         0         0         0         1         0         0         0         0         0         0         0         0       
   0         0         0         0         0         0         0         0         0         0         1         0         0         0         0         0         0         0       
   0         0         0         0         0         0         0         0         0         0         0         1         0         0         0         0         0         0       
   0         0         0         0         0         0         0         0         0         0         0         0         1         0         0         0         0         0       
   0         0         0         0         0         0         0         0         0         0         0         0         0         1         0         0         0         0       
   0         0         0         0         0         0         0         0         0         0         0         0         0         0         1         0         0         0       
   0         0         0         0         0         0         0         0         0         0         0         0         0         0         0         1         0         0       
   0         0         0         0         0         0         0         0         0         0         0         0         0         0         0         0         1         0       
   0         0         0         0         0         0         0         0         0         0         0         0         0         0         0         0         0         1       
   0         0         0         0         0         0         0         0        -1         0         0         0         0         0         0         0         0         0       
   0         0         0         0         0         0         0         0         0         0         0        -1         0         0         0         0         0         0       
   0         0         0         0         0         0         0         0         0         0         0         0         1         0         0         0         0         0       
   0         0         0         0         0         0         0         0         0         0         0         0         0         1         0         0         0         0       
   0         0         1         0.047    -0.19     -1.5e-05   0         0         0         0         0         0         0         0         0         0         0         0       
   0         1         0         0.055     0.018     0.19      0         0         0         0         0         0         0         0         0         0         0         0       
  -1         0         0         0.018    -0.055     0.014     0         0         0         0         0         0         0         0         0         0         0         0       
   0         0         1         0.047     0.19      1.5e-05   0         0         0         0         0         0         0         0         0         0         0         0       
   0         1         0         0.055     0.018    -0.16      0         0         0         0         0         0         0         0         0         0         0         0       
  -1         0         0         0.018    -0.055    -0.1       0         0         0         0         0         0         0         0         0         0         0         0       
   0         0         1        -0.047    -0.19     -1.5e-05   0         0         0         0         0         0         0         0         0         0         0         0       
   0         1         0         0.055     0.018     0.16      0         0         0         0         0         0         0         0         0         0         0         0       
  -1         0         0         0.018    -0.055     0.1       0         0         0         0         0         0         0         0         0         0         0         0       
   0         0         1        -0.047     0.19      1.5e-05   0         0         0         0         0         0         0         0         0         0         0         0       
   0         1         0         0.055     0.018    -0.19      0         0         0         0         0         0         0         0         0         0         0         0       
  -1         0         0         0.018    -0.055    -0.014     0         0         0         0         0         0         0         0         0         0         0         0       

EFC_POS
   0       
   0       
   0       
   0       
   0       
   0       
   0       
   0       
   0       
   0       
   0       
   0       
  -0.038   
  -0.037   
  -0.003   
  -0.0041  
   0.00089 
   0       
   0       
   0.00089 
   0       
   0       
   0.00089 
   0       
   0       
   0.00089 
   0       
   0       

EFC_MARGIN
   0       
   0       
   0       
   0       
   0       
   0       
   0       
   0       
   0       
   0       
   0       
   0       
   0       
   0       
   0       
   0       
   0.001   
   0       
   0       
   0.001   
   0       
   0       
   0.001   
   0       
   0       
   0.001   
   0       
   0       

EFC_FRICTIONLOSS
   0.2     
   0.2     
   0.2     
   0.2     
   0.2     
   0.2     
   0.2     
   0.2     
   0.2     
   0.2     
   0.2     
   0.2     
   0       
   0       
   0       
   0       
   0       
   0       
   0       
   0       
   0       
   0       
   0       
   0       
   0       
   0       
   0       
   0       

EFC_DIAGAPPROX
   29      
   29      
   80      
   29      
   29      
   80      
   29      
   29      
   80      
   29      
   29      
   80      
   80      
   80      
   29      
   29      
   0.071   
   0.00071 
   0.00071 
   0.071   
   0.00071 
   0.00071 
   0.071   
   0.00071 
   0.00071 
   0.071   
   0.00071 
   0.00071 

EFC_KBIP
   0         1.1e+02   0.9       0       
   0         1.1e+02   0.9       0       
   0         1.1e+02   0.9       0       
   0         1.1e+02   0.9       0       
   0         1.1e+02   0.9       0       
   0         1.1e+02   0.9       0       
   0         1.1e+02   0.9       0       
   0         1.1e+02   0.9       0       
   0         1.1e+02   0.9       0       
   0         1.1e+02   0.9       0       
   0         1.1e+02   0.9       0       
   0         1.1e+02   0.9       0       
   2.8e+03   1.1e+02   0.95      0       
   2.8e+03   1.1e+02   0.95      0       
   2.8e+03   1.1e+02   0.95      0       
   2.8e+03   1.1e+02   0.95      0       
   2.8e+03   1.1e+02   0.9      -23      
   0         1.1e+02   0.9      -23      
   0         1.1e+02   0.9      -23      
   2.8e+03   1.1e+02   0.9      -23      
   0         1.1e+02   0.9      -23      
   0         1.1e+02   0.9      -23      
   2.8e+03   1.1e+02   0.9      -21      
   0         1.1e+02   0.9      -21      
   0         1.1e+02   0.9      -21      
   2.8e+03   1.1e+02   0.9      -21      
   0         1.1e+02   0.9      -21      
   0         1.1e+02   0.9      -21      

EFC_D
   0.31    
   0.32    
   0.11    
   0.31    
   0.32    
   0.11    
   0.31    
   0.31    
   0.11    
   0.31    
   0.31    
   0.11    
   0.24    
   0.24    
   0.66    
   0.66    
   1.3e+02 
   1.3e+04 
   1.3e+04 
   1.3e+02 
   1.3e+04 
   1.3e+04 
   1.3e+02 
   1.3e+04 
   1.3e+04 
   1.3e+02 
   1.3e+04 
   1.3e+04 

EFC_R
   3.2     
   3.2     
   8.9     
   3.2     
   3.2     
   8.9     
   3.2     
   3.2     
   8.9     
   3.2     
   3.2     
   8.9     
   4.2     
   4.2     
   1.5     
   1.5     
   0.0078  
   7.8e-05 
   7.8e-05 
   0.0078  
   7.8e-05 
   7.8e-05 
   0.0078  
   7.8e-05 
   7.8e-05 
   0.0078  
   7.8e-05 
   7.8e-05 

ACTUATOR_VELOCITY
  -3.9     
   5.3     
   0.022   
  -0.0069  
   0.43    
   0.019   
  -0.018   
  -2.3     
  -0.78    
   0.083   
  -0.011   
  -4.5     

CVEL
   0         0         0         0         0         0       
  -0.0087   -0.0031    0.00016  -0.00025   0.00083  -0.0003  
  -0.015    -0.0052    0.00016  -0.00031   0.001    -0.00065 
   0.12     -0.41     -0.048    -0.012     0.0067   -0.082   
   0.12     -0.43     -0.05     -0.011     0.0071   -0.082   
   0.12     -0.43     -0.05     -0.011     0.0071   -0.082   
  -3.7      -1.2       0.00016  -0.034     0.11      0.16    
  -2.1      -6.2       0.42     -0.13     -0.01     -0.83    
  -2.1      -6.2       0.42     -0.13     -0.009    -0.83    
  -2.1      -6.2       0.42     -0.13     -0.009    -0.83    
   0.07      0.023     0.00016   0.00048  -0.0014    0.004   
   0.069     0.028    -0.0097    0.0017   -0.0031    0.0029  
  -0.63      2.2      -3.9      -0.43     -0.52     -0.2     
  -0.63      2.2      -3.9      -0.43     -0.52     -0.2     
  -0.026    -0.0087    0.00016  -0.00041   0.0013    0.00045 
  -0.63      1.9       1.2       0.026     0.26     -0.39    
  -0.84      2.5       1.6      -0.076     0.39     -0.64    
  -0.84      2.5       1.6      -0.076     0.39     -0.64    

CDOF_DOT
   0         0         0         0         0         0       
   0         0         0         0         0         0       
   0         0         0         0         0         0       
  -0         0         0         8e-05    -0.00024  -0.00061 
   0         0        -0        -0.00024  -8e-05    -2.6e-05 
   0         0        -0        -0.00059  -0.00016  -1.7e-09 
  -4.9e-05   0.00015   0.00027  -6.2e-05   0.00016  -0.00061 
   0.00074  -0.0017    0.016     0.00025  -0.0031   -0.00036 
   0.00074  -0.0017    0.016    -0.078    -0.03      0.04    
  -4.9e-05   0.00015   0.00027   0.00023  -0.00065  -0.00061 
  -0.097     0.3       3.9       0.39     -0.65      0.059   
  -0.097     0.3       3.9      -0.0096   -0.44      1.1     
  -4.9e-05   0.00015   0.00027  -6.2e-05   0.00016  -0.00061 
   0.02     -0.061    -0.037     0.0029   -0.0068    0.013   
   0.02     -0.061    -0.037     0.0011   -0.0051    0.0048  
  -4.9e-05   0.00015   0.00027   0.00023  -0.00065  -0.00061 
   0.0047   -0.014     0.023    -0.0018    0.0043    0.0028  
   0.0047   -0.014     0.023     0.34      0.27     -0.23    

QFRC_BIAS
   0.42    
  -2.2     
   1.4e+02 
   0.14    
  -0.0042  
   0.47    
  -1.1     
  -0.89    
  -0.093   
   0.86    
  -0.1     
  -0.074   
   0.056   
   0.51    
   0.16    
   0.59    
  -0.34    
   0.25    

QFRC_SPRING
   0       
   0       
   0       
   0       
   0       
   0       
   0       
   0       
   0       
   0       
   0       
   0       
   0       
   0       
   0       
   0       
   0       
   0       

QFRC_DAMPER
   0       
   0       
   0       
   0       
   0       
   0       
   0.00069 
  -0.043   
  -0.0019  
   0.39    
  -0.53    
  -0.0022  
  -0.0083  
   0.0011  
   0.45    
   0.0018  
   0.23    
   0.078   

QFRC_GRAVCOMP
   0       
   0       
   0       
   0       
   0       
   0       
   0       
   0       
   0       
   0       
   0       
   0       
   0       
   0       
   0       
   0       
   0       
   0       

QFRC_FLUID
   0       
   0       
   0       
   0       
   0       
   0       
   0       
   0       
   0       
   0       
   0       
   0       
   0       
   0       
   0       
   0       
   0       
   0       

QFRC_PASSIVE
   0       
   0       
   0       
   0       
   0       
   0       
   0.00069 
  -0.043   
  -0.0019  
   0.39    
  -0.53    
  -0.0022  
  -0.0083  
   0.0011  
   0.45    
   0.0018  
   0.23    
   0.078   

EFC_VEL
  -0.0069  
   0.43    
   0.019   
  -3.9     
   5.3     
   0.022   
   0.083   
  -0.011   
  -4.5     
  -0.018   
  -2.3     
  -0.78    
  -0.019   
  -0.022   
   0.083   
  -0.011   
  -0.00074 
   5.7e-05 
  -1.8e-05 
  -0.00064 
   0.00011 
   9.8e-07 
   0.00012 
   6.2e-05 
  -3.2e-05 
   0.00022 
   0.00012 
  -1.3e-05 

EFC_AREF
   0.73    
  -46      
  -2       
   4.1e+02 
  -5.5e+02 
  -2.4     
  -8.8     
   1.2     
   4.8e+02 
   1.9     
   2.4e+02 
   83      
   1e+02   
   99      
  -0.74    
   12      
   0.36    
  -0.006   
   0.0018  
   0.35    
  -0.012   
  -0.0001  
   0.25    
  -0.0065  
   0.0033  
   0.24    
  -0.013   
   0.0014  

SUBTREE_LINVEL
   0         0         0       
   0         0         0       
   0         0         0       
   0         0         0       
   0         0         0       
   0         0         0       
   0         0         0       
   0         0         0       
   0         0         0       
   0         0         0       
   0         0         0       
   0         0         0       
   0         0         0       
   0         0         0       
   0         0         0       
   0         0         0       
   0         0         0       
   0         0         0       

SUBTREE_ANGMOM
   0         0         0       
   0         0         0       
   0         0         0       
   0         0         0       
   0         0         0       
   0         0         0       
   0         0         0       
   0         0         0       
   0         0         0       
   0         0         0       
   0         0         0       
   0         0         0       
   0         0         0       
   0         0         0       
   0         0         0       
   0         0         0       
   0         0         0       
   0         0         0       

ACTUATOR_FORCE
   2.9     
   0.051   
   23      
  -2       
  -4.7     
   23      
   0.67    
  -0.66    
   0.68    
  -0.84    
  -7.2     
   0.77    

QFRC_ACTUATOR
   0       
   0       
   0       
   0       
   0       
   0       
  -2       
  -4.7     
   23      
   2.9     
   0.051   
   23      
  -0.84    
  -7.2     
   0.77    
   0.67    
  -0.66    
   0.68    

QFRC_SMOOTH
  -0.42    
   2.2     
  -1.4e+02 
  -0.14    
   0.0042  
  -0.47    
  -0.87    
  -3.8     
   24      
   2.4     
  -0.37    
   24      
  -0.91    
  -7.7     
   1.1     
   0.079   
  -0.092   
   0.52    

QACC_SMOOTH
  -0.6     
   0.22    
  -14      
  -23      
  -34      
  -12      
   31      
  -5.7e+02 
   1.8e+03 
   49      
  -4.5e+02 
   1.8e+03 
  -45      
  -2.3e+02 
   1.8e+02 
   20      
   2.6     
   47      

EFC_B
   30      
  -5.2e+02 
   1.8e+03 
  -3.6e+02 
   1.1e+02 
   1.8e+03 
  -37      
  -2.3e+02 
  -2.9e+02 
   18      
  -2.4e+02 
  -35      
  -1.9e+03 
  -1.9e+03 
  -45      
  -2.5e+02 
  -8.9     
  -4       
   1.9     
  -22      
   0.4     
   3.3     
  -6.6     
  -3.6     
   0.81    
  -19      
   0.75    
   2.2     

EFC_FORCE
   0.16    
   0.2     
  -0.2     
   0.2     
  -0.2     
  -0.2     
  -0.2     
   0.2     
   0.2     
   0.086   
   0.2     
   0.2     
   24      
   23      
   0.8     
   8.2     
   50      
  -0.45    
  -2       
   48      
  -1.4     
  -2.4     
   33      
  -0.59    
  -1.8     
   30      
  -1.6     
  -2.1     

EFC_STATE
  1
  2
  3
  2
  3
  3
  3
  2
  2
  1
  2
  2
  1
  1
  1
  1
  1
  1
  1
  1
  1
  1
  1
  1
  1
  1
  1
  1

QFRC_CONSTRAINT
   8.3     
  -4.1     
   1.6e+02 
   1.3     
  -0.67    
   0.42    
   0.16    
   0.2     
  -24      
   0.2     
  -0.2     
  -24      
   0.6     
   8.4     
   0.2     
   0.086   
   0.2     
   0.2     

QFRC_INVERSE
   0       
   0       
   0       
   0       
   0       
   0       
   0       
   0       
   0       
   0       
   0       
   0       
   0       
   0       
   0       
   0       
   0       
   0       

CACC
   0         0         0        -0        -0         9.8     
  -0.28     -0.12     -0.017    -0.012     0.015     9.8     
  -0.057    -0.051    -0.017    -0.01      0.0084    9.8     
  -25        78        9.2       2.3      -1.1       25      
  -25        78        9.2       2.3      -1.1       25      
  -25        78        9.2       2.3      -1.1       25      
   48        15       -0.018     0.43     -1.3       7.7     
   43        28        20        2.7      -4.5       10      
   43        28        20        2.7      -4.5       10      
   43        28        20        2.7      -4.5       10      
  -2.1      -0.73     -0.016    -0.029     0.067     9.7     
  -2.2      -0.53     -0.37      0.016     0.0069    9.7     
   9.5      -37        66        7.3       8.8       13      
   9.5      -37        66        7.3       8.8       13      
   1.3       0.38     -0.017     0.002    -0.029     9.7     
   1.7      -1        -0.99     -0.014    -0.24      10      
   13       -36       -24        5.4      -7.7       24      
   13       -36       -24        5.4      -7.7       24      

CFRC_INT
   2.5e-14  -6.2e-15  -2.1e-14   1.2e-13   3.2e-13   2.8e-14 
   2.5e-14  -6.2e-15  -2.1e-14   1.2e-13   3.2e-13   2.8e-14 
  -2.6      -2.7       0.96      5.5       0.93      28      
  -2.6      -1.4       0.96      5.5       0.93      21      
  -1.4       0.87      0.81      4.5       0.92      6.9     
   0         0         0         0         0         0       
   4.5      -2.2      -1.6       3.9      -6.8       22      
   3.9      -1.2      -1.6       3.9      -6.8       15      
   1.2       0.58     -1         2.1      -3.8       0.41    
   0         0         0         0         0         0       
  -2.2       2.6       0.17     -0.86      2.5       22      
  -1.4       1.5       0.17     -0.86      2.5       15      
  -0.12     -0.28      0.21     -0.79      2.3       3.6     
   0         0         0         0         0         0       
   0.14      4.8       0.12     -0.18     -0.75      21      
   0.26      3.5       0.12     -0.18     -0.75      15      
   0.025     0.7       0.15     -0.31     -0.81      3.4     
   0         0         0         0         0         0       

CFRC_EXT
   0         0         0         0         0         0       
  -0.06      1.3      -0.36      8.3      -4.1       1.6e+02 
   0         0         0         0         0         0       
   0         0         0         0         0         0       
   0         0         0         0         0         0       
   0         0         0         0         0         0       
   0         0         0         0         0         0       
   0         0         0         0         0         0       
   0         0         0         0         0         0       
   0         0         0         0         0         0       
   0         0         0         0         0         0       
   0         0         0         0         0         0       
   0         0         0         0         0         0       
   0         0         0         0         0         0       
   0         0         0         0         0         0       
   0         0         0         0         0         0       
   0         0         0         0         0         0       
   0         0         0         0         0         0       

